645 15.395894428152493
1301 15.395894428152493
1911 15.395894428152493
2507 15.395894428152493
3117 14.662756598240469
3734 22.727272727272727
4329 30.058651026392962
4903 35.19061583577712
5533 38.12316715542522
6113 44.72140762463343
6710 54.98533724340176
7296 60.85043988269795
7887 68.18181818181819
8485 68.91495601173021
9073 74.04692082111437
9650 80.64516129032258
10259 87.97653958944281
10923 90.17595307917888
11515 98.24046920821114
12115 98.97360703812316
12701 98.24046920821114
13285 109.23753665689149
13868 118.7683284457478
14475 122.43401759530792
15090 122.43401759530792
15674 124.633431085044
16249 135.63049853372434
16845 135.63049853372434
17453 134.89736070381232
18041 137.82991202346042
18589 146.6275659824047
19184 154.69208211143695
19763 154.69208211143695
20356 153.95894428152494
20995 153.2258064516129
21586 151.75953079178885
22160 151.75953079178885
22744 152.4926686217009
23303 151.75953079178885
23883 151.75953079178885
24464 155.42521994134898
25048 169.3548387096774
25636 178.1524926686217
26261 186.95014662756597
26841 191.34897360703812
27437 197.94721407624633
28026 202.34604105571847
28642 204.54545454545453
29242 204.54545454545453
29855 205.27859237536657
30464 204.54545454545453
31076 202.34604105571847
31692 200.87976539589442
32294 203.0791788856305
32893 205.27859237536657
33465 214.07624633431084
34060 215.5425219941349
34641 222.87390029325513
35241 227.27272727272728
35848 228.0058651026393
36463 227.27272727272728
