3502 16.129032258064516
7597 15.395894428152493
9820 14.662756598240469
13832 41.05571847507331
17927 27.126099706744867
21962 27.126099706744867
26041 27.126099706744867
28074 27.126099706744867
32099 27.126099706744867
36129 22.727272727272727
38197 22.727272727272727
42210 65.98240469208211
46257 58.651026392961874
50276 59.3841642228739
54331 58.651026392961874
56347 58.651026392961874
60416 59.3841642228739
64423 61.58357771260997
66460 61.58357771260997
70466 105.57184750733138
74507 97.50733137829911
78517 97.50733137829911
82550 97.50733137829911
84560 98.24046920821114
88643 98.24046920821114
92653 100.43988269794721
94704 99.70674486803519
98726 144.42815249266863
102766 135.63049853372434
106777 136.36363636363637
110873 137.09677419354838
112871 137.09677419354838
120914 139.29618768328444
122943 137.82991202346042
126958 183.28445747800586
131039 175.95307917888562
135077 175.95307917888562
139104 175.95307917888562
141106 175.95307917888562
145142 175.95307917888562
149151 178.1524926686217
151223 178.1524926686217
155231 223.60703812316714
159257 215.5425219941349
163263 216.27565982404693
167296 216.27565982404693
169311 216.27565982404693
173347 216.27565982404693
177365 218.47507331378299
179433 217.74193548387098
183447 263.1964809384164
187476 255.8651026392962
191493 255.8651026392962
195523 255.8651026392962
197531 255.8651026392962
201629 255.8651026392962
205631 258.06451612903226
207655 257.3313782991202
211681 302.7859237536657
215748 294.72140762463346
219763 295.45454545454544
223824 295.45454545454544
225849 295.45454545454544
229879 295.45454545454544
233893 297.6539589442815
235979 296.9208211143695
240007 343.108504398827
244085 335.04398826979474
248096 335.7771260997067
252190 335.7771260997067
254189 335.7771260997067
258256 335.7771260997067
264290 337.2434017595308
268296 378.2991202346041
272349 371.7008797653959
276359 371.7008797653959
